-0.0016344
-0.001471
-0.0013031
-0.0011308
-0.00095377
-0.00077198
-0.00058528
-0.00039354
-0.00019663
5.5849e-06
0.00021326
0.00042653
0.00064554
0.00087045
0.0011014
0.0013386
0.0015822
0.0018323
0.0020891
0.0023529
0.0026237
0.0029018
0.0031873
0.0034806
0.0037817
0.0040908
0.0044082
0.0047342
0.0050688
0.0054124
0.0057652
0.0061274
0.0064993
0.0068811
0.0072731
0.0076756
0.0080888
0.0085129
0.0089484
0.0093954
0.0098543
0.010325
0.010809
0.011305
0.011815
0.012338
0.012875
0.013426
0.013991
0.014572
0.015168
0.015779
0.016407
0.017051
0.017712
0.01839
0.019086
0.0198
0.020533
0.021285
0.022057
0.022849
0.023661
0.024494
0.025349
0.026226
0.027126
0.028049
0.028996
0.029967
0.030964
0.031985
0.033033
0.034108
0.03521
0.03634
0.037499
0.038688
0.039906
0.041156
0.042437
0.04375
0.045096
0.046476
0.04789
0.04934
0.050825
0.052348
0.053908
0.055507
0.057145
0.058824
0.060544
0.062305
0.06411
0.065958
0.067851
0.069789
0.071775
0.073807
0.075889
0.078019
0.0802
0.082433
0.084718
0.087057
0.08945
0.091899
0.094404
0.096967
0.099589
0.10227
0.10501
0.10782
0.11068
0.11361
0.11661
0.11967
0.1228
0.126
0.12926
0.1326
0.13601
0.13949
0.14305
0.14668
0.15038
0.15416
0.15802
0.16196
0.16598
0.17007
0.17425
0.17851
0.18285
0.18728
0.19179
0.19639
0.20108
0.20585
0.21071
0.21565
0.22069
0.22581
0.23103
0.23633
0.24172
0.24721
0.25279
0.25846
0.26422
0.27007
0.27601
0.28205
0.28817
0.29439
0.3007
0.3071
0.31359
0.32017
0.32685
0.3336
0.34045
0.34739
0.35441
0.36151
0.36871
0.37598
0.38334
0.39078
0.39829
0.40589
0.41356
0.4213
0.42912
0.43701
0.44497
0.453
0.46109
0.46925
0.47746
0.48573
0.49406
0.50245
0.51088
0.51936
0.52789
0.53646
0.54507
0.55372
0.5624
0.57111
0.57985
0.58862
0.59741
0.60621
0.61504
0.62387
0.63272
0.64157
0.65043
