-0.15396
-0.15396
-0.15396
-0.15396
-0.15396
-0.15396
-0.15396
-0.15396
-0.15396
-0.15396
-0.15396
-0.15396
-0.15396
-0.15396
-0.15396
-0.15396
-0.15396
-0.15396
-0.15396
-0.15396
-0.15395
-0.15395
-0.15395
-0.15395
-0.15395
-0.15395
-0.15395
-0.15395
-0.15395
-0.15395
-0.15395
-0.15395
-0.15395
-0.15395
-0.15395
-0.15395
-0.15395
-0.15395
-0.15395
-0.15395
-0.15395
-0.15395
-0.15395
-0.15395
-0.15395
-0.15395
-0.15395
-0.15395
-0.15395
-0.15395
-0.15395
-0.15395
-0.15395
-0.15395
-0.15395
-0.15395
-0.15395
-0.15395
-0.15395
-0.15395
-0.15395
-0.15395
-0.15395
-0.15395
-0.15395
-0.15395
-0.15395
-0.15395
-0.15395
-0.15395
-0.15395
-0.15395
-0.15395
-0.15394
-0.15394
-0.15394
-0.15394
-0.15394
-0.15394
-0.15394
-0.15394
-0.15394
-0.15394
-0.15394
-0.15394
-0.15394
-0.15394
-0.15394
-0.15394
-0.15394
-0.15394
-0.15394
-0.15394
-0.15394
-0.15394
-0.15394
-0.15394
-0.15394
-0.15394
-0.15394
-0.15394
-0.15394
-0.15394
-0.15394
-0.15394
-0.15394
-0.15394
-0.15394
-0.15394
-0.15394
-0.15394
-0.15394
-0.15394
-0.15394
-0.15394
-0.15394
-0.15394
-0.15394
-0.15394
-0.15394
-0.15393
-0.15393
-0.15393
-0.15393
-0.15393
-0.15393
-0.15393
-0.15393
-0.15393
-0.15393
-0.15393
-0.15393
-0.15393
-0.15393
-0.15393
-0.15393
-0.15393
-0.15393
-0.15393
-0.15393
-0.15393
-0.15393
-0.15393
-0.15393
-0.15393
-0.15393
-0.15393
-0.15393
-0.15393
-0.15393
-0.15393
-0.15393
-0.15393
-0.15393
-0.15393
-0.15393
-0.15393
-0.15393
-0.15393
-0.15393
-0.15393
-0.15393
-0.15393
-0.15393
-0.15393
-0.15393
-0.15393
-0.15393
-0.15393
-0.15393
-0.15393
-0.15393
-0.15393
-0.15393
-0.15393
-0.15393
-0.15393
-0.15393
-0.15393
-0.15392
-0.15392
-0.15392
-0.15392
-0.15392
-0.15392
-0.15392
-0.15392
-0.15392
-0.15392
-0.15392
-0.15392
-0.15392
-0.15392
-0.15392
-0.15392
-0.15392
-0.15392
-0.15392
-0.15392
-0.15392
-0.15392
