0.13158
0.13089
0.13019
0.12949
0.1288
0.1281
0.12741
0.12671
0.12601
0.12532
0.12462
0.12392
0.12323
0.12253
0.12184
0.12114
0.12044
0.11975
0.11905
0.11836
0.11766
0.11696
0.11627
0.11557
0.11487
0.11418
0.11348
0.11279
0.11209
0.11139
0.1107
0.11
0.10931
0.10861
0.10791
0.10722
0.10652
0.10582
0.10513
0.10443
0.10374
0.10304
0.10234
0.10165
0.10095
0.10026
0.099558
0.098862
0.098166
0.09747
0.096774
0.096078
0.095381
0.094685
0.093989
0.093293
0.092597
0.091901
0.091204
0.090508
0.089812
0.089116
0.08842
0.087723
0.087027
0.086331
0.085635
0.084939
0.084243
0.083546
0.08285
0.082154
0.081458
0.080762
0.080066
0.079369
0.078673
0.077977
0.077281
0.076585
0.075889
0.075192
0.074496
0.0738
0.073104
0.072408
0.071711
0.071015
0.070319
0.069623
0.068927
0.068231
0.067534
0.066838
0.066142
0.065446
0.06475
0.064054
0.063357
0.062661
0.061965
0.061269
0.060573
0.059876
0.05918
0.058484
0.057788
0.057092
0.056396
0.055699
0.055003
0.054307
0.053611
0.052915
0.052219
0.051522
0.050826
0.05013
0.049434
0.048738
0.048042
0.047345
0.046649
0.045953
0.045257
0.044561
0.043865
0.043168
0.042472
0.041776
0.04108
0.040384
0.039688
0.038991
0.038295
0.037599
0.036903
0.036207
0.03551
0.034814
0.034118
0.033422
0.032726
0.03203
0.031333
0.030637
0.029941
0.029245
0.028549
0.027852
0.027156
0.02646
0.025764
0.025068
0.024372
0.023675
0.022979
0.022283
0.021587
0.020891
0.020195
0.019498
0.018802
0.018106
0.01741
0.016714
0.016018
0.015321
0.014625
0.013929
0.013233
0.012537
0.011841
0.011144
0.010448
0.0097519
0.0090557
0.0083596
0.0076634
0.0069672
0.0062711
0.0055749
0.0048787
0.0041825
0.0034864
0.0027902
0.002094
0.0013978
0.00070165
5.4758e-06
-0.0006907
-0.0013869
-0.002083
-0.0027792
-0.0034754
-0.0041716
-0.0048677
-0.0055639
-0.0062601
-0.0069563
-0.0076524
