-0.15392
-0.15392
-0.15392
-0.15392
-0.15392
-0.15392
-0.15392
-0.15392
-0.15392
-0.15392
-0.15392
-0.15392
-0.15392
-0.15392
-0.15392
-0.15392
-0.15392
-0.15392
-0.15392
-0.15392
-0.15392
-0.15392
-0.15392
-0.15392
-0.15392
-0.15392
-0.15392
-0.15392
-0.15392
-0.15392
-0.15392
-0.15392
-0.15392
-0.15392
-0.15392
-0.15392
-0.15392
-0.15392
-0.15392
-0.15392
-0.15392
-0.15392
-0.15392
-0.15392
-0.15392
-0.15392
-0.15392
-0.15392
-0.15392
-0.15392
-0.15392
-0.15392
-0.15392
-0.15392
-0.15392
-0.15392
-0.15392
-0.15392
-0.15392
-0.15392
-0.15392
-0.15392
-0.15392
-0.15392
-0.15392
-0.15392
-0.15392
-0.15392
-0.15392
-0.15392
-0.15392
-0.15392
-0.15392
-0.15392
-0.15392
-0.15392
-0.15392
-0.15392
-0.15392
-0.15392
-0.15392
-0.15393
-0.15393
-0.15393
-0.15393
-0.15393
-0.15393
-0.15393
-0.15393
-0.15393
-0.15393
-0.15393
-0.15393
-0.15393
-0.15393
-0.15393
-0.15394
-0.15394
-0.15394
-0.15394
-0.15394
-0.15395
-0.15395
-0.15395
-0.15395
-0.15396
-0.15396
-0.15396
-0.15397
-0.15397
-0.15397
-0.15398
-0.15399
-0.15399
-0.154
-0.154
-0.15401
-0.15402
-0.15403
-0.15404
-0.15405
-0.15406
-0.15407
-0.15409
-0.1541
-0.15412
-0.15414
-0.15416
-0.15418
-0.1542
-0.15423
-0.15426
-0.15429
-0.15432
-0.15436
-0.1544
-0.15444
-0.15449
-0.15454
-0.1546
-0.15466
-0.15472
-0.1548
-0.15488
-0.15496
-0.15506
-0.15516
-0.15528
-0.1554
-0.15553
-0.15568
-0.15584
-0.15601
-0.1562
-0.15641
-0.15664
-0.15688
-0.15715
-0.15744
-0.15776
-0.15811
-0.15849
-0.1589
-0.15936
-0.15985
-0.16039
-0.16097
-0.16161
-0.1623
-0.16306
-0.16388
-0.16478
-0.16576
-0.16683
-0.16799
-0.16925
-0.17062
-0.17212
-0.17375
-0.17552
-0.17745
-0.17954
-0.18182
-0.18429
-0.18698
-0.1899
-0.19306
-0.1965
-0.20023
-0.20426
-0.20863
-0.21337
-0.21849
-0.22402
-0.23
-0.23644
-0.24339
-0.25088
-0.25893
-0.26759
-0.27687
