0.010411
0.010696
0.010984
0.011277
0.011575
0.011877
0.012184
0.012496
0.012813
0.013134
0.01346
0.013792
0.014128
0.01447
0.014817
0.015169
0.015527
0.01589
0.016259
0.016634
0.017014
0.0174
0.017792
0.01819
0.018595
0.019005
0.019422
0.019845
0.020274
0.02071
0.021153
0.021602
0.022059
0.022522
0.022992
0.02347
0.023954
0.024446
0.024946
0.025453
0.025968
0.026491
0.027021
0.02756
0.028106
0.028661
0.029224
0.029796
0.030376
0.030965
0.031563
0.03217
0.032786
0.033411
0.034046
0.03469
0.035343
0.036007
0.03668
0.037363
0.038057
0.03876
0.039474
0.040199
0.040934
0.041681
0.042438
0.043207
0.043986
0.044777
0.04558
0.046395
0.047222
0.04806
0.048911
0.049774
0.05065
0.051539
0.05244
0.053354
0.054282
0.055223
0.056178
0.057146
0.058129
0.059125
0.060136
0.061161
0.062201
0.063256
0.064325
0.06541
0.06651
0.067626
0.068758
0.069905
0.071069
0.072249
0.073445
0.074658
0.075889
0.077136
0.0784
0.079683
0.080982
0.0823
0.083636
0.08499
0.086363
0.087754
0.089165
0.090595
0.092044
0.093512
0.095001
0.096509
0.098038
0.099587
0.10116
0.10275
0.10436
0.10599
0.10765
0.10932
0.11102
0.11274
0.11449
0.11625
0.11804
0.11985
0.12169
0.12354
0.12543
0.12733
0.12926
0.13122
0.1332
0.1352
0.13723
0.13928
0.14136
0.14347
0.1456
0.14775
0.14994
0.15215
0.15438
0.15664
0.15893
0.16125
0.1636
0.16597
0.16837
0.1708
0.17325
0.17574
0.17825
0.18079
0.18336
0.18596
0.18859
0.19125
0.19394
0.19666
0.1994
0.20218
0.20499
0.20783
0.21069
0.21359
0.21652
0.21948
0.22247
0.22549
0.22855
0.23163
0.23475
0.23789
0.24107
0.24428
0.24752
0.25079
0.2541
0.25743
0.2608
0.2642
0.26763
0.27109
0.27459
0.27811
0.28167
0.28526
0.28888
0.29253
0.29622
0.29993
0.30368
0.30746
0.31127
0.31511
0.31898
