0.036796
0.037098
0.037401
0.037706
0.038013
0.038322
0.038633
0.038945
0.039259
0.039574
0.039892
0.040211
0.040532
0.040854
0.041179
0.041505
0.041833
0.042162
0.042494
0.042827
0.043162
0.043499
0.043837
0.044178
0.04452
0.044864
0.045209
0.045557
0.045906
0.046257
0.04661
0.046965
0.047321
0.04768
0.04804
0.048402
0.048766
0.049132
0.049499
0.049869
0.05024
0.050613
0.050988
0.051364
0.051743
0.052123
0.052506
0.05289
0.053276
0.053663
0.054053
0.054445
0.054838
0.055233
0.05563
0.056029
0.05643
0.056833
0.057237
0.057644
0.058052
0.058462
0.058874
0.059288
0.059703
0.060121
0.06054
0.060961
0.061384
0.061809
0.062236
0.062665
0.063095
0.063527
0.063962
0.064398
0.064835
0.065275
0.065717
0.06616
0.066605
0.067052
0.067501
0.067952
0.068404
0.068859
0.069315
0.069773
0.070232
0.070694
0.071157
0.071622
0.072089
0.072558
0.073028
0.073501
0.073975
0.074451
0.074928
0.075408
0.075889
0.076371
0.076856
0.077342
0.07783
0.07832
0.078812
0.079305
0.0798
0.080296
0.080795
0.081295
0.081796
0.082299
0.082804
0.083311
0.083819
0.084329
0.084841
0.085354
0.085869
0.086385
0.086903
0.087423
0.087944
0.088466
0.088991
0.089516
0.090044
0.090573
0.091103
0.091635
0.092168
0.092703
0.09324
0.093777
0.094317
0.094857
0.0954
0.095943
0.096488
0.097035
0.097582
0.098132
0.098682
0.099234
0.099787
0.10034
0.1009
0.10146
0.10201
0.10257
0.10313
0.1037
0.10426
0.10483
0.10539
0.10596
0.10653
0.1071
0.10767
0.10824
0.10881
0.10939
0.10996
0.11054
0.11111
0.11169
0.11227
0.11285
0.11343
0.11402
0.1146
0.11518
0.11577
0.11635
0.11694
0.11753
0.11812
0.11871
0.1193
0.11989
0.12048
0.12107
0.12167
0.12226
0.12286
0.12345
0.12405
0.12465
0.12524
0.12584
0.12644
0.12704
0.12764
0.12824
0.12884
0.12945
0.13005
0.13065
0.13126
